4294967279,99
4294967279,98
4294967279,97
4294967279,105
4294967279,104
4294967279,103
4294967279,102
4294967279,101
4294967279,100
4294967278,303
4294967279,357
4294967278,291
4294967278,290
4294967279,118
4294967279,117
4294967279,116
4294967279,115
4294967279,114
4294967279,113
4294967279,112
4294967279,111
4294967279,110
4294967279,109
4294967279,108
4294967279,107
4294967279,106
4294967278,549
4294967279,293
4294967278,140
4294967278,37
4294967278,36
4294967278,35
4294967278,34
4294967278,33
4294967278,32
4294967278,31
4294967278,30
4294967278,29
4294967278,28
4294967278,27
4294967278,26
4294967278,25
4294967278,19
4294967278,18
4294967278,12
4294967278,11
4294967278,298
4294967278,10
4294967278,262
4294967278,9
4294967278,8
4294967278,7
4294967278,6
4294967278,5
4294967278,4
4294967279,132
4294967279,131
4294967279,130
4294967279,129
4294967279,256
4294967279,128
4294967279,127
4294967279,126
4294967279,125
4294967279,124
4294967279,123
4294967279,122
4294967279,121
4294967279,120
4294967279,119
4294967279,174
4294967279,279
4294967279,278
4294967294,924
4294967278,24
4294967278,136
4294967278,300
4294967279,277
4294967278,23
4294967278,275
4294967278,134
4294967278,548
4294967278,22
4294967279,135
22,0
4294967278,21
4294967278,274
4294967279,291
4294967279,290
4294967278,20
4294967278,299
4294967279,289
4294967279,274
4294967279,307
4294967278,271
4294967279,283
4294967278,15
4294967294,390
4294967294,120
4294967278,17
4294967278,269
4294967278,281
4294967279,288
4294967278,16
4294967278,287
4294967278,286
4294967278,267
4294967279,271
4294967278,14
4294967278,280
4294967279,269
4294967279,287
4294967278,13
4294967278,297
4294967279,356
4294967279,267
4294967279,306
4294967278,282
22,9
4294967279,285
4294967278,272
4294967278,174
4294967279,302
4294967279,263
4294967294,1416
4294967294,920
4294967294,422
4294967294,190
4294967278,547
4294967279,262
4294967279,355
4294967279,284
4294967279,259
4294967278,546
4294967278,545
4294967279,258
22,8
4294967278,544
22,7
4294967279,354
22,6
4294967278,543
22,5
4294967279,353
22,4
4294967278,542
4294967278,541
22,3
22,2
22,1
4294967278,256
4294967279,352
4294967278,540
4294967278,539
4294967279,351
4294967279,350
4294967278,255
4294967278,538
4294967279,349
4294967279,348
4294967279,347
4294967278,254
4294967278,537
4294967278,253
4294967278,252
4294967278,244
4294967278,250
4294967278,248
4294967278,246
4294967278,245
4294967278,243
4294967278,241
4294967278,239
4294967278,237
4294967278,236
4294967278,536
4294967278,234
4294967278,232
4294967278,230
4294967278,228
4294967278,226
4294967278,223
4294967278,220
4294967278,221
4294967278,218
4294967294,409
4294967294,396
4294967294,421
4294967294,179
4294967294,386
4294967294,178
4294967294,398
4294967294,140
4294967294,416
4294967294,914
4294967294,183
4294967294,467
4294967294,391
4294967294,455
4294967294,110
4294967294,1
4294967294,967
4294967278,216
4294967278,217
4294967278,214
4294967278,212
4294967278,211
4294967279,346
4294967278,210
4294967278,208
18,4
4294967278,207
18,2
18,1
4294967278,535
0,7
4294967294,387
4294967294,388
4294967294,419
4294967278,206
4294967294,68
4294967294,11
4294967278,38
4294967279,39
4294967279,38
4294967279,37
4294967279,36
4294967279,35
4294967279,34
4294967279,33
4294967279,32
4294967279,31
4294967279,30
4294967279,29
4294967279,28
4294967279,27
4294967279,22
4294967279,21
4294967279,20
4294967279,19
4294967279,18
4294967279,17
4294967279,15
4294967279,14
4294967279,13
4294967279,11
4294967279,345
4294967278,534
4294967279,344
4294967278,533
4294967294,905
4294967294,0
4294967294,909
4294967294,186
4294967294,38
4294967294,37
4294967294,40
4294967294,42
4294967294,76
4294967294,107
4294967294,81
4294967294,50
4294967294,92
4294967294,91
4294967294,90
4294967294,88
4294967294,87
4294967294,86
4294967294,85
4294967294,84
4294967294,1417
4294967294,83
4294967294,956
4294967294,955
4294967294,29
4294967294,923
4294967294,28
4294967294,27
4294967294,53
4294967294,52
4294967294,439
4294967294,392
4294967294,46
4294967294,429
4294967294,389
4294967294,115
4294967294,114
4294967294,425
4294967294,43
4294967294,2
4294967294,44
4294967294,393
4294967294,45
4294967294,1419
12,3
8,3
4294967294,471
11,3
9,3
4294967294,82
4294967294,96
4294967294,89
4294967294,94
4294967279,343
